x: Stack+malloc area changed from 131072 to 8000 bytes.
-[ std ]----------------------------------------
pre alloc:
[5]	68 17 21 90 128563 
[5]	68 6 21 90 128563 
[5]	68 6 12 90 128563 
[5]	68 6 3 90 128563 
[5]	68 6 3 81 128563 
[5]	68 6 3 72 128563 
[5]	68 6 3 63 128563 
[5]	68 6 3 54 128563 
[5]	68 6 3 45 128563 
[5]	68 6 3 36 128563 
[5]	68 6 3 27 128563 
[5]	68 17 3 27 128563 
[6]	68 17 12 27 128563 
[5]	68 17 21 27 128563 
[6]	68 17 21 36 128563 
[6]	68 17 21 45 128563 
[6]	68 17 21 54 128563 
[6]	68 17 21 63 128563 
[6]	68 17 21 72 128563 
[6]	68 17 21 81 128563 
[5]	68 17 21 90 128563 
